time,S,Sv,V,Reff
0.0,1.0,0.0,0.0,1.38
0.1,0.9996480703906143,7.393301670339852e-05,0.0002779965926822831,1.3796163774979124
0.2,0.9992962815249217,0.0001478920376399703,0.0005558264374383596,1.379233010738257
0.30000000000000004,0.9989446333466361,0.00022187701907699095,0.0008334896342869296,1.3788498996410217
0.4,0.9985931257994936,0.00029588791731964786,0.0011109862831867993,1.3784670441262983
0.5,0.9982417588272531,0.00036992468871019477,0.0013883164840367268,1.3780844441142825
0.6000000000000001,0.997890532373696,0.00044398728962841225,0.001665480336675628,1.3777020995252722
0.7000000000000001,0.9975394463826258,0.0005180756764917619,0.0019424779408824218,1.3773200102796705
0.8,0.9971885007978689,0.0005921898057547966,0.002219309396376288,1.3769381762979815
0.9,0.9968376955632742,0.0006663296339092621,0.0024959748028165647,1.3765565975008143
1.0,0.9964870306227125,0.0007404951174847141,0.0027724742598027974,1.37617527380888
1.1,0.9961365059200776,0.0008146862130475759,0.0030488078668747935,1.3757942051429928
1.2000000000000002,0.9957861213992856,0.0008889028772018064,0.0033249757235126205,1.37541339142407
1.3,0.9954358770042748,0.0009631450665884113,0.0036009779291367615,1.3750328325731322
1.4000000000000001,0.9950857726790061,0.0010374127378858806,0.003876814583108011,1.374652528511302
1.5,0.994735808367463,0.0011117058478094695,0.004152485784727527,1.374272479159805
1.6,0.9943859840136511,0.0011860243531119858,0.004427991633236933,1.3738926844399693
1.7000000000000002,0.9940362995615986,0.0012603682105830167,0.004703332227818426,1.373513144273225
1.8,0.9936867549553557,0.0013347373770497464,0.004978507667594509,1.3731338585811055
1.9000000000000001,0.9933373501389956,0.0014091318093759353,0.005253518051628464,1.372754827285246
2.0,0.9929880850566134,0.0014835514644626624,0.005528363478923937,1.3723760503073836
2.1,0.9926389596523265,0.001557996299248193,0.0058030440484252935,1.3719975275693592
2.2,0.9922899738702752,0.0016324662707072474,0.0060775598590175756,1.371619258993113
2.3000000000000003,0.9919411276546215,0.0017069613358520024,0.006351911009526496,1.3712412445006898
2.4000000000000004,0.9915924209495501,0.0017814814517314263,0.006626097598718439,1.3708634840142349
2.5,0.9912438536992679,0.0018560265754315047,0.006900119725300566,1.370485977455996
2.6,0.990895425848004,0.0019305966640750863,0.0071739774879208615,1.3701087247483223
2.7,0.9905471373400104,0.0020051916748214287,0.007447670985168141,1.3697317258136643
2.8000000000000003,0.9901989881195604,0.0020798115648675373,0.0077212003155720434,1.369354980574575
2.9000000000000004,0.9898509781309505,0.0021544562914463973,0.007994565577603138,1.368978488953708
3.0,0.9895031073184989,0.002229125811828242,0.008267766869672871,1.3686022508738191
3.1,0.9891553756265462,0.0023038200833199653,0.008540804290133827,1.3682262662577647
3.2,0.9888077829994556,0.002378539063264986,0.008813677937279416,1.3678505350285026
3.3000000000000003,0.9884603293816122,0.002453282709043658,0.009086387909344129,1.3674750571090923
3.4000000000000004,0.9881130147174232,0.002528050978073267,0.009358934304503545,1.367099832422694
3.5,0.9877658389513184,0.002602843827807103,0.009631317220874477,1.3667248608925686
3.6,0.9874188020277498,0.002677661215735542,0.009903536756514671,1.3663501424420788
3.7,0.9870719038911914,0.0027525030993854165,0.010175593009423212,1.3659756769946871
3.8000000000000003,0.9867251444861393,0.002827369436320325,0.010447486077540325,1.3656014644739574
3.9000000000000004,0.9863785237571123,0.00290226018414016,0.010719216058747516,1.365227504803554
4.0,0.9860320416486509,0.0029771753004814785,0.01099078305086764,1.364853797907242
4.1000000000000005,0.985685698105318,0.0030521147430172327,0.011262187151664736,1.3644803437088866
4.2,0.9853394930716987,0.0031270784694570047,0.011533428458844338,1.3641071421324544
4.3,0.9849934264924001,0.00320206643754661,0.01180450707005332,1.3637341931020108
4.4,0.9846474983120516,0.0032770786050684893,0.01207542308287995,1.363361496541723
4.5,0.9843017084753046,0.0033521149298413287,0.012346176594854045,1.3629890523758568
4.6000000000000005,0.9839560569268329,0.00342717536972033,0.012616767703446814,1.3626168605287798
4.7,0.9836105436113322,0.003502259882596734,0.01288719650607111,1.3622449209249585
4.800000000000001,0.9832651684735201,0.003577368426398681,0.01315746310008124,1.3618732334889598
4.9,0.9829199314581369,0.0036525009590898053,0.013427567582773253,1.3615017981454496
5.0,0.9825748325099446,0.003727657438670649,0.013697510051384755,1.3611306148191948
5.1000000000000005,0.9822298715737274,0.0038028378231775746,0.013967290603094994,1.3607596834350608
5.2,0.9818850485942915,0.003878042070683537,0.014236909335024975,1.3603890039180135
5.300000000000001,0.9815403635164651,0.003953270139297372,0.014506366344237508,1.3600185761931178
5.4,0.9811958162850988,0.0040285219871641735,0.01477566172773705,1.3596484001855387
5.5,0.9808514068450649,0.004103797572465146,0.015044795582469966,1.3592784758205392
5.6000000000000005,0.9805071351412579,0.004179096853417656,0.015313768005324475,1.3589088030234826
5.7,0.9801630011185943,0.004254419788275059,0.015582579093130607,1.3585393817198312
5.800000000000001,0.9798190047220129,0.004329766335326772,0.01585122894266034,1.3581702118351466
5.9,0.979475145896474,0.004405136452898275,0.016119717650627727,1.3578012932950887
6.0,0.9791314245869602,0.004480530099351211,0.016388045313688558,1.3574326260254168
6.1000000000000005,0.9787878407384762,0.004555947233082801,0.016656212028440955,1.3570642099519892
6.2,0.9784443942960486,0.004631387812526644,0.016924217891424786,1.3566960450007626
6.300000000000001,0.9781010852047259,0.0047068517961517675,0.017192062999122293,1.3563281310977922
6.4,0.9777579134095786,0.004782339142463756,0.017459747447957617,1.3559604681692328
6.5,0.9774148788556994,0.004857849810003326,0.01772727133429723,1.3555930561413363
6.6000000000000005,0.9770719814882026,0.004933383757347663,0.017994634754449713,1.3552258949404539
6.7,0.9767292212522247,0.005008940943109372,0.018261837804665906,1.3548589844930352
6.800000000000001,0.9763865980929239,0.005084521325937185,0.018528880581138874,1.3544923247256275
6.9,0.9760441119554807,0.005160124864515267,0.018795763180004046,1.3541259155648766
7.0,0.9757017627850972,0.0052357515175635826,0.01906248569733918,1.3537597569375268
7.1000000000000005,0.9753595505269976,0.0053114012438380265,0.01932904822916434,1.3533938487704193
7.2,0.975017475126428,0.005387074002129927,0.01959545087144207,1.3530281909904942
7.300000000000001,0.9746755365286561,0.005462769751266531,0.01986169372007734,1.3526627835247889
7.4,0.974333734678972,0.005538488450110471,0.020127776870917533,1.352297626300439
7.5,0.9739920695226871,0.005614230057560263,0.020393700419752605,1.3519327192446773
7.6000000000000005,0.9736505410051354,0.005689994532549522,0.020659464462315105,1.3515680622848345
7.7,0.9733091490716719,0.005765781834048137,0.020925069094279988,1.3512036553483382
7.800000000000001,0.9729678936676741,0.005841591921060943,0.021190514411264946,1.3508394983627148
7.9,0.9726267747385411,0.005917424752628565,0.021455800508830346,1.3504755912555861
8.0,0.9722857922296939,0.0059932802878269464,0.02172092748247914,1.350111933954673
8.1,0.9719449460865752,0.006069158485767726,0.02198589542765705,1.3497485263877922
8.200000000000001,0.9716042362546498,0.006145059305597656,0.022250704439752588,1.3493853684828578
8.3,0.971263662679404,0.006220982706499102,0.022515354614096893,1.3490224601678817
8.4,0.9709232253063459,0.006296928647689971,0.022779846045964135,1.3486598013709719
8.5,0.9705829240810059,0.0063728970884229415,0.023044178830571176,1.348297392020333
8.6,0.9702427589489354,0.006448887987986731,0.023308353063077856,1.347935232044267
8.700000000000001,0.9699027298557082,0.006524901305704853,0.0235723688385869,1.347573321371172
8.8,0.9695628367469196,0.006600937000936457,0.023836226252143978,1.3472116599295436
8.9,0.9692230795681867,0.00667699503307561,0.02409992539873774,1.3468502476479725
9.0,0.9688834582651483,0.006753075361551803,0.024363466373299874,1.346489084455147
9.1,0.968543972783465,0.00682917794582974,0.024626849270705214,1.3461281702798509
9.200000000000001,0.9682046230688192,0.006905302745409313,0.024890074185771528,1.3457675050509645
9.3,0.967865409066915,0.006981449719825231,0.025153141213259785,1.3454070886974643
9.4,0.9675263307234778,0.007057618828647992,0.025416050447874185,1.3450469211484233
9.5,0.9671873879842556,0.007133810031482387,0.025678801984261982,1.3446870023330098
9.600000000000001,0.9668485807950172,0.007210023287969006,0.025941395917013763,1.3443273321804878
9.700000000000001,0.9665099091015534,0.007286258557783195,0.026203832340663372,1.343967910620218
9.8,0.966171372849677,0.007362515800635079,0.026466111349687897,1.3436087375816559
9.9,0.9658329719852221,0.007438794976270074,0.026728233038507816,1.3432498129943535
10.0,0.9654947064540444,0.007515096044468688,0.026990197501486863,1.3428911367879577
10.100000000000001,0.9651565762020216,0.007591418965046129,0.027252004832932317,1.3425327088922108
10.200000000000001,0.9648185811750528,0.007667763697852378,0.02751365512709481,1.3421745292369507
10.3,0.9644807213190587,0.007744130202772866,0.027775148478168424,1.3418165977521115
10.4,0.9641429965799819,0.007820518439727281,0.028036484980290793,1.3414589143677205
10.5,0.9638054069037864,0.007896928368670588,0.028297664727543057,1.3411014790139015
10.600000000000001,0.9634679522364578,0.007973359949592335,0.028558687813949907,1.3407442916208734
10.700000000000001,0.9631306325240032,0.008049813142517098,0.028819554333479686,1.3403873521189498
10.8,0.9627934477124518,0.00812628790750386,0.02908026438004435,1.3400306604385386
10.9,0.9624563977478537,0.008202784204646794,0.029340818047499464,1.3396742165101427
11.0,0.9621194825762811,0.00827930199407451,0.029601215429644386,1.3393180202643609
11.100000000000001,0.9617827021438274,0.00835584123595036,0.0298614566202222,1.3389620716318853
11.200000000000001,0.9614460563966081,0.008432401890472237,0.03012154171291969,1.3386063705435023
11.3,0.9611095452807593,0.008508983917873133,0.030381470801367553,1.338250916930094
11.4,0.9607731687424397,0.008585587278420126,0.030641243979140198,1.3378957107226355
11.5,0.9604369267278289,0.008662211932415124,0.030900861339756,1.3375407518521971
11.600000000000001,0.9601008191831281,0.008738857840194698,0.03116032297667724,1.337186040249943
11.700000000000001,0.9597648460545603,0.00881552496212968,0.03141962898331007,1.3368315758471312
11.8,0.9594290072883694,0.008892213258625901,0.03167877945300466,1.336477358575114
11.9,0.9590933028308217,0.008968922690123088,0.031937774479055187,1.336123388365338
12.0,0.9587577326282042,0.009045653217095967,0.03219661415469985,1.3357696651493427
12.100000000000001,0.9584222966268257,0.009122404800053378,0.03245529857312097,1.335416188858762
12.200000000000001,0.9580869947730164,0.009199177399538662,0.03271382782744494,1.3350629594253234
12.3,0.957751827013128,0.009275970976129748,0.03297220201074225,1.3347099767808475
12.4,0.9574167932935338,0.009352785490438546,0.03323042121602766,1.334357240857249
12.5,0.9570818935606283,0.009429620903111627,0.033488485536260035,1.3340047515865356
12.600000000000001,0.9567471277608276,0.009506477174829824,0.03374639506434258,1.3336525089008087
12.700000000000001,0.956412495840569,0.009583354266308353,0.03400414989312267,1.3333005127322624
12.8,0.9560779977463116,0.009660252138296264,0.0342617501153921,1.3329487630131842
12.9,0.9557436334245357,0.009737170751577325,0.034519195823886954,1.3325972596759543
13.0,0.9554094028217428,0.009814110066969528,0.03477648711128767,1.3322460026530472
13.100000000000001,0.9550753058844562,0.009891070045324697,0.03503362407021909,1.3318949918770282
13.200000000000001,0.9547413425592203,0.00996805064752912,0.035290606793250606,1.331544227280557
13.3,0.954407512792601,0.01004505183450307,0.035547435372895876,1.3311937087963854
13.4,0.9540738165311855,0.010122073567201191,0.035804109901613305,1.3308434363573576
13.5,0.9537402537215826,0.010199115806611793,0.03606063047180565,1.330493409896411
13.600000000000001,0.9534068243104218,0.010276178513757873,0.03631699717582034,1.330143629346575
13.700000000000001,0.9530735282443548,0.010353261649695786,0.03657321010594945,1.3297940946409708
13.8,0.952740365470054,0.010430365175516397,0.036829269354429574,1.329444805712813
13.9,0.9524073359342136,0.010507489052344436,0.037085175013442,1.3290957624954074
14.0,0.9520744395835488,0.010584633241338348,0.03734092717511289,1.3287469649221528
14.100000000000001,0.9517416763647959,0.010661797703691168,0.037596525931512935,1.3283984129265392
14.200000000000001,0.9514090462247131,0.010738982400629142,0.03785197137465774,1.3280501064421488
14.3,0.9510765491100793,0.01081618729341309,0.03810726359650758,1.3277020454026558
14.4,0.9507441849676954,0.010893412343336767,0.03836240268896782,1.3273542297418255
14.5,0.9504119537443827,0.010970657511728932,0.03861738874388837,1.3270066593935157
14.600000000000001,0.9500798553869845,0.011047922759951229,0.0388722218530643,1.3266593342916755
14.700000000000001,0.9497478898423648,0.011125208049399739,0.03912690210823546,1.326312254370345
14.8,0.9494160570574092,0.011202513341503982,0.03938142960108685,1.3259654195636563
14.9,0.9490843569790246,0.011279838597727083,0.039635804423248315,1.325618829805832
15.0,0.9487527895541389,0.011357183779566335,0.03989002666629478,1.3252724850311874
15.100000000000001,0.9484213547297012,0.01143454884855246,0.0401440964217463,1.3249263851741269
15.200000000000001,0.9480900524526821,0.011511933766249989,0.040398013781067936,1.3245805301691478
15.3,0.9477588826700731,0.011589338494256932,0.040651778835669936,1.3242349199508372
15.4,0.9474278453288872,0.011666762994205,0.04090539167690776,1.3238895544538731
15.5,0.9470969403761582,0.01174420722775972,0.041158852396082066,1.323544433613025
15.600000000000001,0.9467661677589415,0.011821671156619834,0.04141216108443865,1.3231995573631519
15.700000000000001,0.9464355274243134,0.011899154742518,0.04166531783316864,1.322854925639205
15.8,0.9461050193193714,0.011976657947220061,0.04191832273340853,1.3225105383762248
15.9,0.9457746433912344,0.012054180732525552,0.042171175876240044,1.322166395509342
16.0,0.945444399587042,0.012131723060267732,0.042423877352690306,1.3218224969737782
16.1,0.9451142878539552,0.012209284892312877,0.042676427253731886,1.321478842704846
16.2,0.9447843081391564,0.012286866190560908,0.04292882567028272,1.3211354326379465
16.3,0.9444544603898485,0.012364466916945212,0.043181072693206306,1.3207922667085716
16.400000000000002,0.9441247445532561,0.012442087033432393,0.04343316841331148,1.3204493448523038
16.5,0.9437951605766246,0.012519726502022675,0.04368511292135272,1.3201066670048145
16.6,0.9434657084072204,0.012597385284749477,0.043936906308030085,1.319764233101865
16.7,0.9431363879923316,0.012675063343679217,0.04418854866398921,1.319422043079307
16.8,0.9428071992792664,0.012752760640912283,0.044440040079821344,1.3190800968730814
16.900000000000002,0.9424781422153549,0.01283047713858175,0.044691380646063386,1.3187383944192181
17.0,0.9421492167479479,0.012908212798854152,0.04494257045319791,1.318396935653837
17.1,0.9418204228244174,0.012985967583929378,0.045193609591653264,1.3180557205131478
17.2,0.9414917603921562,0.01306374145604021,0.04544449815180358,1.3177147489334482
17.3,0.9411632293985784,0.013141534377452857,0.045695236223968705,1.317374020851126
17.400000000000002,0.9408348297911192,0.01321934631046643,0.04594582389841436,1.3170335362026577
17.5,0.9405065615172344,0.013297177217413456,0.046196261265352104,1.316693294924609
17.6,0.9401784245244013,0.01337502706065933,0.04644654841493941,1.3163532969536345
17.7,0.9398504187601178,0.013452895802602595,0.04669668543727964,1.3160135422264772
17.8,0.9395225441719031,0.013530783405674839,0.0469466724224221,1.3156740306799688
17.900000000000002,0.9391948007072971,0.013608689832340759,0.047196509460362135,1.3153347622510303
18.0,0.9388671883138611,0.013686615045097814,0.04744619664104112,1.3149957368766707
18.1,0.9385397069391769,0.013764559006476752,0.04769573405434637,1.3146569544939872
18.2,0.9382123565308474,0.013842521679041125,0.04794512179011143,1.3143184150401659
18.3,0.937885137036497,0.013920503025387172,0.04819435993811582,1.313980118452481
18.400000000000002,0.9375580484037701,0.013998503008144633,0.04844344858808526,1.313642064668295
18.5,0.9372310905803327,0.014076521589975528,0.048692387829691756,1.3133042536250574
18.6,0.9369042635138716,0.014154558733575053,0.048941177752553376,1.312966685260307
18.7,0.9365775671520943,0.014232614401671194,0.049189818446234525,1.31262935951167
18.8,0.9362510014427295,0.014310688557024616,0.04943831000024584,1.3122922763168607
18.900000000000002,0.9359245663335267,0.01438878116242899,0.04968665250404429,1.31195543561368
19.0,0.9355982617722564,0.014466892180710476,0.04993484604703317,1.311618837340018
19.1,0.9352720877067096,0.014545021574728284,0.05018289071856216,1.3112824814338504
19.200000000000003,0.9349460440846985,0.01462316930737416,0.05043078660792734,1.310946367833243
19.3,0.9346201308540563,0.014701335341572537,0.0506785338043712,1.3106104964763463
19.400000000000002,0.9342943479626368,0.014779519640280389,0.05092613239708284,1.3102748673013993
19.5,0.9339686953583146,0.014857722166487758,0.051173582475197626,1.309939480246728
19.6,0.9336431729889855,0.014935942883216848,0.05142088412779768,1.3096043352507454
19.700000000000003,0.9333177808025657,0.01501418175352278,0.05166803744391155,1.3092694322519516
19.8,0.9329925187469925,0.015092438740492993,0.05191504251251449,1.3089347711889339
19.900000000000002,0.9326673867702242,0.015170713807247528,0.05216189942252827,1.308600352000365
20.0,0.9323423848202395,0.015249006916939124,0.05240860826282142,1.3082661746250062
20.1,0.9320175128450381,0.015327318032752862,0.05265516912220905,1.3079322390017036
20.200000000000003,0.9316927707926405,0.015405647117906353,0.05290158208945319,1.3075985450693912
20.3,0.9313681586110879,0.015483994135649666,0.05314784725326243,1.3072650927670888
20.400000000000002,0.9310436762484424,0.015562359049265354,0.053393964702292226,1.3069318820339026
20.5,0.9307193236527869,0.015640741822068253,0.05363993452514488,1.306598912809025
20.6,0.9303951007722248,0.015719142417405664,0.05388575681036958,1.3062661850317343
20.700000000000003,0.9300710075548806,0.015797560798657143,0.054131431646462266,1.3059336986413954
20.8,0.9297470439488994,0.01587599692923467,0.05437695912186593,1.305601453577459
20.900000000000002,0.9294232099024469,0.01595445077258261,0.05462233932497052,1.305269449779461
21.0,0.9290995053637097,0.016032922292177565,0.05486757234411277,1.304937687187024
21.1,0.9287759302808951,0.01611141145152821,0.05511265826757668,1.3046061657398553
21.200000000000003,0.9284524846022312,0.016189918214175633,0.05535759718359319,1.3042748853777488
21.3,0.9281291682759664,0.01626844254369339,0.055602389180340245,1.3039438460405837
21.400000000000002,0.9278059812503703,0.01634698440368671,0.05584703434594301,1.3036130476683234
21.5,0.9274829234737328,0.016425543757793426,0.05609153276847373,1.3032824902010178
21.6,0.927159994894365,0.016504120569683214,0.05633588453595183,1.302952173578802
21.700000000000003,0.926837195460598,0.016582714803058028,0.05658008973634402,1.3026220977418959
21.8,0.9265145251207839,0.016661326421652044,0.05682414845756404,1.302292262630604
21.900000000000002,0.9261919838232956,0.01673995538923123,0.057068060787473174,1.3019626681853156
22.0,0.9258695715165266,0.016818601669593577,0.05731182681387982,1.3016333143465064
22.1,0.9255472881488905,0.016897265226569785,0.05755544662453968,1.3013042010547355
22.200000000000003,0.9252251336688224,0.016975946024021596,0.057798920307155985,1.3009753282506469
22.3,0.9249031080247774,0.017054644025843467,0.05804224794937916,1.3006466958749687
22.400000000000002,0.9245812111652313,0.01713335919596147,0.05828542963880724,1.3003183038685142
22.5,0.9242594430386808,0.017212091498333554,0.05852846546298565,1.2999901521721808
22.6,0.9239378035936429,0.017290840896949933,0.05877135550940721,1.29966224072695
22.700000000000003,0.9236162927786552,0.017369607355832394,0.059014099865512405,1.2993345694738876
22.8,0.9232949105422761,0.017448390839034718,0.0592566986186892,1.2990071383541433
22.900000000000002,0.9229736568330844,0.01752719131064248,0.05949915185627311,1.2986799473089512
23.0,0.9226525315996795,0.017606008734773144,0.05974145966554733,1.2983529962796285
23.1,0.9223315347906815,0.017684843075575794,0.05998362213374268,1.2980262852075772
23.200000000000003,0.9220106663547305,0.017763694297231868,0.06022563934803763,1.297699814034282
23.3,0.9216899262404881,0.01784256236395354,0.06046751139555839,1.2973735827013115
23.400000000000002,0.9213693143966355,0.017921447239985615,0.06070923836337889,1.2970475911503183
23.5,0.9210488307718749,0.01800034888960419,0.060950820338520874,1.296721839323038
23.6,0.920728475314929,0.01807926727711722,0.061192257407953816,1.2963963271612895
23.700000000000003,0.9204082479745408,0.01815820236686414,0.061433549658595064,1.2960710546069745
23.8,0.920088148699474,0.01823715412321613,0.061674697177309896,1.295746021602079
23.900000000000002,0.9197681774385127,0.018316122510575954,0.061915700050911356,1.2954212280886703
24.0,0.9194483341404615,0.018395107493378082,0.062156558366160464,1.2950966740089007
24.1,0.9191286187541453,0.018474109036088454,0.062397272209766236,1.2947723593050036
24.200000000000003,0.9188090312284101,0.01855312710320417,0.06263784166838576,1.294448283919295
24.3,0.9184895715121213,0.01863216165925481,0.0628782668286239,1.2941244477941751
24.400000000000002,0.9181702395541659,0.018711212668800395,0.06311854777703373,1.2938008508721262
24.5,0.9178510353034505,0.018790280096433035,0.0633586846001165,1.2934774930957116
24.6,0.9175319587089023,0.01886936390677639,0.06359867738432136,1.2931543744075782
24.700000000000003,0.9172130097194693,0.0189484640644849,0.06383852621604581,1.2928314947504551
24.8,0.9168941882841195,0.019027580534245164,0.06407823118163533,1.2925088540671532
24.900000000000002,0.9165754943518416,0.019106713280774568,0.06431779236738383,1.292186452300566
25.0,0.9162569278716444,0.01918586226882242,0.06455720985953321,1.2918642893936676
25.1,0.9159384887925575,0.019265027463168688,0.06479648374427385,1.2915423652895157
25.200000000000003,0.9156201770636304,0.019344208828625253,0.06503561410774433,1.2912206799312487
25.3,0.9153019926339333,0.019423406330035115,0.06527460103603158,1.290899233262087
25.400000000000002,0.9149839354525567,0.019502619932272328,0.06551344461517093,1.2905780252253316
25.5,0.9146660054686115,0.019581849600242437,0.06575214493114602,1.290257055764367
25.6,0.9143482026312291,0.019661095298881923,0.06599070206988901,1.2899363248226567
25.700000000000003,0.9140305268895604,0.019740356993159153,0.06622911611728041,1.2896158323437477
25.8,0.913712978192778,0.01981963464807268,0.06646738715914935,1.2892955782712665
25.900000000000002,0.9133955564900738,0.019898928228652843,0.0667055152812734,1.2889755625489214
26.0,0.9130782617306602,0.019978237699961154,0.06694350056937864,1.2886557851205014
26.1,0.9127610938637702,0.020057563027089942,0.06718134310913981,1.2883362459298766
26.200000000000003,0.9124440528386569,0.020136904175162867,0.0674190429861802,1.2880169449209975
26.3,0.9121271386045938,0.02021626110933436,0.06765660028607182,1.287697882037896
26.400000000000002,0.9118103511108745,0.020295633794790255,0.06789401509433525,1.2873790572246835
26.5,0.9114936903068132,0.020375022196746986,0.06813128749643986,1.287060470425553
26.6,0.9111771561417439,0.02045442628045245,0.06836841757780367,1.2867421215847774
26.700000000000003,0.9108607485650213,0.020533846011185145,0.06860540542379355,1.286424010646709
26.8,0.9105444675260203,0.020613281354254595,0.06884225111972515,1.2861061375557825
26.900000000000002,0.9102283129741355,0.020692732275001582,0.06907895475086288,1.2857885022565099
27.0,0.9099122848587827,0.02077219873879725,0.06931551640242002,1.285471104693485
27.1,0.9095963831293971,0.020851680711044124,0.06955193615955882,1.2851539448113813
27.200000000000003,0.9092806077354345,0.020931178157175073,0.06978821410739042,1.2848370225549517
27.3,0.9089649586263707,0.021010691042654475,0.0700243503309748,1.2845203378690289
27.400000000000002,0.9086494357517021,0.021090219332976792,0.07026034491532111,1.284203890698525
27.5,0.9083340390609448,0.021169762993667948,0.07049619794538727,1.2838876809884314
27.6,0.9080187685036356,0.02124932199028387,0.07073190950608052,1.2835717086838203
27.700000000000003,0.9077036240293308,0.021328896288412308,0.07096747968225689,1.2832559737298408
27.8,0.9073886055876078,0.02140848585367046,0.07120290855872173,1.2829404760717233
27.900000000000002,0.9070737131280632,0.021488090651707384,0.07143819622022944,1.2826252156547762
28.0,0.9067589466003143,0.02156771064820219,0.0716733427514835,1.282310192424387
28.1,0.9064443059539987,0.021647345808864515,0.07190834823713677,1.2819954063260222
28.200000000000003,0.9061297911387737,0.021726996099435167,0.07214321276179116,1.281680857305227
28.3,0.905815402104317,0.021806661485685108,0.0723779364099979,1.2813665453076255
28.400000000000002,0.9055011388003262,0.02188634193341621,0.07261251926625756,1.28105247027892
28.5,0.9051870011765193,0.021966037408460815,0.0728469614150199,1.2807386321648915
28.6,0.9048729891826344,0.022045747876681482,0.07308126294068415,1.2804250309113994
28.700000000000003,0.9045591027684292,0.022125473303971965,0.07331542392759882,1.280111666464381
28.8,0.9042453418836822,0.022205213656255857,0.07354944446006192,1.2797985387698523
28.900000000000002,0.9039317064781918,0.02228496889948743,0.0737833246223208,1.279485647773907
29.0,0.9036181965017759,0.022364738999651787,0.07401706449857233,1.2791729934227165
29.1,0.9033048119042731,0.022444523922763984,0.07425066417296287,1.2788605756625313
29.200000000000003,0.902991552635542,0.022524323634869697,0.07448412372958832,1.2785483944396776
29.3,0.902678418645461,0.022604138102044938,0.07471744325249412,1.2782364497005614
29.400000000000002,0.9023654098839284,0.022683967290396276,0.07495062282567529,1.2779247413916643
29.5,0.9020525263008633,0.022763811166060244,0.07518366253307646,1.277613269459547
29.6,0.901739767846204,0.022843669695204044,0.07541656245859193,1.2773020338508467
29.700000000000003,0.9014271344699092,0.02292354284402505,0.07564932268606576,1.2769910345122777
29.8,0.9011146261219576,0.023003430578750886,0.07588194329929153,1.276680271390632
29.900000000000002,0.9008022427523478,0.02308333286563953,0.0761144243820127,1.2763697444327782
30.0,0.9004899843110986,0.023163249670978908,0.07634676601792248,1.2760594535856618
30.1,0.9001778507482485,0.02324318096108767,0.07657896829066381,1.2757493987963051
30.200000000000003,0.8998658420138562,0.023323126702314192,0.07681103128382959,1.275439580011808
30.3,0.8995539580580003,0.02340308686103726,0.07704295508096243,1.2751299971793457
30.400000000000002,0.8992421988307793,0.02348306140366581,0.07727473976555492,1.2748206502461708
30.5,0.8989305642823119,0.023563050296638535,0.07750638542104958,1.274511539159612
30.6,0.8986190543627363,0.0236430535064249,0.07773789213083884,1.2742026638670743
30.700000000000003,0.898307669022211,0.023723070999523907,0.07796925997826505,1.2738940243160388
30.8,0.8979964082109146,0.02380310274246461,0.07820048904662075,1.273585620454063
30.900000000000002,0.8976852718790451,0.023883148701806592,0.07843157941914829,1.27327745222878
31.0,0.8973742599768207,0.023963208844138967,0.07866253117904029,1.2729695195878992
31.1,0.8970633724544798,0.024043283136080937,0.0788933444094393,1.2726618224792057
31.200000000000003,0.8967526092622798,0.02412337154428193,0.07912401919343823,1.2723543608505596
31.3,0.8964419703504991,0.024203474035421016,0.07935455561407988,1.2720471346498978
31.400000000000002,0.8961314556694354,0.024283590576207187,0.0795849537543574,1.2717401438252318
31.5,0.8958210651694062,0.0243637211333797,0.07981521369721412,1.2714333883246485
31.6,0.8955107988007489,0.02444386567370746,0.08004533552554363,1.2711268680963101
31.700000000000003,0.8952006565138213,0.024524024163988897,0.0802753193221898,1.2708205830884542
31.8,0.8948906382590003,0.024604196571052908,0.08050516516994681,1.2705145332493935
31.900000000000002,0.8945807439866831,0.024684382861757795,0.08073487315155913,1.2702087185275146
32.0,0.8942709736472866,0.02476458300299178,0.08096444334972164,1.269903138871281
32.1,0.8939613271912474,0.024844796961672994,0.08119387584707957,1.2695977942292287
32.2,0.8936518045690224,0.024925024704748888,0.08142317072622873,1.26929268454997
32.300000000000004,0.8933424057310877,0.02500526619919706,0.08165232806971524,1.2689878097821903
32.4,0.8930331306279395,0.02508552141202472,0.08188134796003574,1.2686831698746504
32.5,0.8927239792100939,0.02516579031026872,0.08211023047963734,1.2683787647761853
32.6,0.8924149514280867,0.025246072860995478,0.08233897571091783,1.2680745944357037
32.7,0.8921060472324732,0.025326369031301324,0.08256758373622546,1.2677706588021889
32.800000000000004,0.8917972665738291,0.02540667878831182,0.0827960546378591,1.267466957824698
32.9,0.8914886094027492,0.025487002099182476,0.08302438849806831,1.2671634914523615
33.0,0.8911800756698485,0.02556733893109829,0.08325258539905324,1.2668602596343845
33.1,0.8908716653257615,0.025647689251273684,0.08348064542296486,1.266557262320045
33.2,0.8905633783211426,0.02572805302695269,0.08370856865190468,1.2662544994586953
33.300000000000004,0.8902552146066659,0.02580843022540892,0.08393635516792518,1.26595197099976
33.4,0.8899471741330253,0.025888820813945404,0.08416400505302933,1.2656496768927386
33.5,0.8896392568509339,0.02596922475989477,0.0843915183891713,1.2653476170872024
33.6,0.8893314627111255,0.026049642030618728,0.08461889525825576,1.2650457915327968
33.7,0.8890237916643526,0.02613007259350894,0.08484613574213842,1.2647442001792393
33.800000000000004,0.8887162436613881,0.02621051641598597,0.0850732399226259,1.2644428429763206
33.9,0.8884088186530243,0.026290973465500037,0.08530020788147562,1.2641417198739051
34.0,0.888101516590073,0.026371443709530942,0.08552703970039609,1.2638408308219287
34.1,0.887794337423366,0.02645192711558722,0.08575373546104678,1.2635401757704003
34.2,0.8874872811037547,0.02653242365120706,0.0859802952450382,1.263239754669401
34.300000000000004,0.88718034758211,0.02661293328395828,0.08620671913393177,1.262939567469085
34.4,0.8868735368093225,0.026693455981437353,0.08643300720924019,1.2626396141196778
34.5,0.8865668487363025,0.026773991711270387,0.08665915955242708,1.2623398945714779
34.6,0.8862602833139801,0.026854540441112504,0.0868851762449074,1.2620404087748551
34.7,0.8859538404933045,0.02693510213864843,0.08711105736804707,1.2617411566802512
34.800000000000004,0.8856475202252451,0.027015676771591543,0.08733680300316339,1.2614421382381804
34.9,0.8853413224607904,0.0270962643076849,0.08756241323152465,1.2611433533992278
35.0,0.8850352471509492,0.027176864714700197,0.08778788813435064,1.2608448021140508
35.1,0.884729294246749,0.027257477960438772,0.08801322779281227,1.260546484333378
35.2,0.8844234636992374,0.027338104012730666,0.08823843228803192,1.2602484000080088
35.300000000000004,0.8841177554594818,0.027418742839435115,0.0884635017010831,1.2599505490888143
35.4,0.8838121694785687,0.027499394408440514,0.08868843611299082,1.2596529315267375
35.5,0.8835067057076044,0.02758005868766411,0.08891323560473152,1.2593555472727909
35.6,0.8832013640977145,0.027660735645052448,0.089137900257233,1.259058396278059
35.7,0.8828961446000445,0.027741425248580948,0.08936243015137454,1.258761478493697
35.800000000000004,0.8825910471657593,0.027822127466253815,0.08958682536798687,1.2584647938709301
35.9,0.8822860717460433,0.027902842266104358,0.0898110859878523,1.258168342361055
36.0,0.8819812182921004,0.027983569616194942,0.09003521209170465,1.2578721239154378
36.1,0.8816764867551541,0.028064309484616592,0.09025920376022932,1.2575761384855166
36.2,0.8813718770864472,0.028145061839489546,0.0904830610740633,1.257280386022798
36.300000000000004,0.8810673892372423,0.028225826648962504,0.09070678411379524,1.256984866478859
36.4,0.8807630231588213,0.02830660388121331,0.09093037295996542,1.256689579805348
36.5,0.8804587788024857,0.02838739350444841,0.0911538276930659,1.256394525953982
36.6,0.8801546561195562,0.028468195486903478,0.09137714839354029,1.2560997048765477
36.7,0.8798506550613734,0.02854900979684251,0.0916003351417841,1.2558051165249025
36.800000000000004,0.879546775579297,0.028629836402558506,0.09182338801814455,1.2555107608509726
36.9,0.8792430176247062,0.028710675272373115,0.09204630710292064,1.2552166378067535
37.0,0.878939381149,0.02879152637463664,0.0922690924763633,1.254922747344311
37.1,0.8786358661035963,0.02887238967772844,0.09249174421867522,1.254629089415779
37.2,0.878332472439933,0.028953265150055987,0.09271426241001106,1.254335663973361
37.300000000000004,0.8780292001094666,0.029034152760055998,0.09293664713047739,1.2540424709693294
37.4,0.877726049063674,0.02911505247619331,0.09315889846013267,1.253749510356026
37.5,0.8774230192540509,0.02919596426696175,0.09338101647898739,1.2534567820858606
37.6,0.8771201106321124,0.02927688810088358,0.09360300126700405,1.2531642861113124
37.7,0.8768173231493932,0.029357823946509626,0.09382485290409717,1.252872022384928
37.800000000000004,0.8765146567574474,0.0294387717724192,0.09404657147013336,1.2525799908593234
37.9,0.8762121114078484,0.029519731547220374,0.09426815704493124,1.2522881914871828
38.0,0.8759096870521886,0.029600703239549664,0.0944896097082617,1.2519966242212583
38.1,0.8756073836420806,0.02968168681807172,0.09471092953984771,1.2517052890143703
38.2,0.8753052011291553,0.029762682251480377,0.09493211661936429,1.251414185819407
38.300000000000004,0.875003139465064,0.029843689508497,0.09515317102643897,1.2511233145893241
38.400000000000006,0.8747011986014765,0.029924708557872284,0.09537409284065117,1.2508326752771461
38.5,0.8743993784900826,0.030005739368384493,0.09559488214153286,1.2505422678359643
38.6,0.8740976790825907,0.030086781908841176,0.0958155390085681,1.2502520922189375
38.7,0.8737961003307291,0.030167836148077512,0.09603606352119341,1.249962148379292
38.800000000000004,0.8734946421862451,0.030248902054957283,0.09625645575879765,1.249672436270321
38.900000000000006,0.8731933046009055,0.03032997959837247,0.09647671580072203,1.2493829558453862
39.0,0.8728920875264963,0.030411068747243655,0.09669684372626007,1.2490937070579142
39.1,0.8725909909148226,0.030492169470519484,0.0969168396146579,1.2488046898614005
39.2,0.8722900147177092,0.030573281737176758,0.09713670354511407,1.2485159042094063
39.300000000000004,0.8719891588869996,0.03065440551622088,0.09735643559677955,1.2482273500555596
39.400000000000006,0.8716884233745571,0.030735540776685,0.0975760358487579,1.2479390273535553
39.5,0.8713878081322639,0.030816687487630903,0.09779550438010519,1.2476509360571544
39.6,0.8710873131120217,0.03089784561814822,0.09801484126983008,1.2473630761201846
39.7,0.8707869382657512,0.03097901513735496,0.09823404659689389,1.2470754474965393
39.800000000000004,0.8704866835453923,0.031060196014397162,0.09845312044021057,1.2467880501401782
39.900000000000006,0.8701865489029045,0.031141388218448876,0.09867206287864665,1.2465008840051275
40.0,0.869886534290266,0.03122259171871268,0.09889087399102135,1.2462139490454782
40.1,0.8695866396594746,0.03130380648441855,0.09910955385610687,1.2459272452153878
40.2,0.8692868649625471,0.03138503248482509,0.09932810255262776,1.2456407724690794
40.300000000000004,0.8689872101515198,0.03146626968921849,0.0995465201592617,1.2453545307608413
40.400000000000006,0.8686876751784476,0.03154751806691351,0.0997648067546389,1.2450685200450275
40.5,0.868388259995405,0.03162877758725233,0.09998296241734264,1.2447827402760567
40.6,0.8680889645544857,0.031710048219605366,0.10020098722590894,1.2444971914084135
40.7,0.8677897888078022,0.03179132993337111,0.10041888125882667,1.244211873396647
40.800000000000004,0.8674907327074866,0.03187262269797565,0.10063664459453779,1.243926786195371
40.900000000000006,0.8671917962056898,0.03195392648287325,0.100854277311437,1.2436419297592645
41.0,0.866892979254582,0.03203524125754588,0.10107177948787215,1.2433573040430712
41.1,0.8665942818063523,0.032116566991503684,0.10128915120214398,1.243072909001599
41.2,0.8662957038132095,0.032197903654284085,0.10150639253250639,1.2427887445897206
41.300000000000004,0.8659972452273809,0.03227925121545301,0.10172350355716613,1.2425048107623726
41.400000000000006,0.865698906001113,0.032360609644603716,0.1019404843542833,1.2422211074745562
41.5,0.8654006860866716,0.0324419789113575,0.10215733500197086,1.2419376346813364
41.6,0.8651025854363418,0.03252335898536307,0.10237405557829515,1.2416543923378418
41.7,0.8648046040024271,0.03260474983629731,0.1025906461612756,1.2413713803992654
41.800000000000004,0.8645067417372507,0.03268615143386458,0.10280710682888469,1.241088598820864
41.900000000000006,0.8642089985931545,0.032767563747797115,0.10302343765904841,1.2408060475579568
42.0,0.8639113745224997,0.03284898674785455,0.10323963872964578,1.2405237265659281
42.1,0.8636138694776664,0.03293042040382442,0.1034557101185092,1.2402416358002242
42.2,0.8633164834110538,0.03301186468552182,0.10367165190342435,1.2399597752163554
42.300000000000004,0.86301921627508,0.033093319562789644,0.10388746416213031,1.2396781447698944
42.400000000000006,0.8627220680221827,0.03317478500549784,0.10410314697231951,1.2393967444164775
42.5,0.8624250386048177,0.033256260983544644,0.10431870041163768,1.2391155741118034
42.6,0.8621281279754605,0.03333774746685536,0.10453412455768418,1.238834633811634
42.7,0.8618313360866051,0.03341924442538324,0.10474941948801164,1.2385539234717933
42.800000000000004,0.8615346628907653,0.033500751829108485,0.10496458528012621,1.2382734430481674
42.900000000000006,0.8612381083404731,0.03358226964803926,0.10517962201148764,1.237993192496706
43.0,0.8609416723882799,0.033663797852211005,0.1053945297595091,1.2377131717734198
43.1,0.8606453549867559,0.03374533641168671,0.10560930860155741,1.2374333808343825
43.2,0.86034915608849,0.03382688529655696,0.10582395861495299,1.237153819635729
43.300000000000004,0.8600530756460909,0.03390844447693933,0.10603847987696977,1.2368744881336566
43.400000000000006,0.8597571136121853,0.03399001392297925,0.10625287246483543,1.2365953862844241
43.5,0.8594612699394196,0.03407159360484906,0.10646713645573132,1.2363165140443515
43.6,0.8591655445804587,0.034153183492748804,0.10668127192679251,1.2360378713698212
43.7,0.8588699374879865,0.034234783556905804,0.10689527895510774,1.235759458217276
43.800000000000004,0.8585744486147058,0.03431639376757471,0.10710915761771951,1.2354812745432207
43.900000000000006,0.8582790779133385,0.034398014095037316,0.10732290799162422,1.2352033203042208
44.0,0.8579838253366252,0.03447964450960285,0.10753653015377194,1.2349255954569025
44.1,0.8576886908373255,0.034561284981607876,0.10775002418106666,1.2346480999579534
44.2,0.8573936743682179,0.034642935481415865,0.10796339015036624,1.2343708337641215
44.300000000000004,0.8570987758820998,0.03472459597941775,0.10817662813848243,1.2340937968322154
44.400000000000006,0.8568039953317874,0.03480626644603162,0.10838973822218097,1.2338169891191044
44.5,0.856509332670116,0.03488794685170264,0.10860272047818138,1.2335404105817176
44.6,0.8562147878499392,0.03496963716690349,0.1088155749831573,1.2332640611770453
44.7,0.85592036082413,0.03505133736213348,0.10902830181373649,1.2329879408621367
44.800000000000004,0.8556260515455802,0.035133047407919324,0.10924090104650043,1.232712049594102
44.900000000000006,0.8553318599672002,0.035214767274814915,0.1094533727579849,1.23243638733011
45.0,0.8550377860419194,0.035296496933400826,0.1096657170246798,1.2321609540273908
45.1,0.8547438297226859,0.035378236354285136,0.10987793392302894,1.231885749643233
45.2,0.8544499909624667,0.035459985508102795,0.11009002352943055,1.2316107741349847
